src = [141, 131;480, 159 ;493, 630;64, 601];
dest = [318, 256;534, 372;316, 670;73, 473];


 
[rowL]=src(:,1);



[colL]=src(:,2);



[rowR]=dest(:,1);



[colR]=dest(:,2);



idx=[1,2,3,4];

